"y" <- structure(c(1.2, 1.4, -0.5, 0.3, 0.9, 2.3, 1.0, 0.1, 1.3, 1.0), .Dim=c(10))
